  0 0.00
  1 1.45
  2 2.91
  3 4.36
  4 5.81
  5 7.27
  6 8.72
  7 10.17
  8 11.63
  9 13.08
 10 14.53
 11 15.99
 12 17.44
 13 18.89
 14 20.34
 15 21.80
 16 23.25
 17 24.70
 18 26.16
 19 27.61
 20 29.06
 21 30.52
 22 31.97
 23 33.42
 24 34.88
 25 36.33
 26 37.78
 27 39.24
 28 40.69
 29 42.14
 30 43.60
 31 45.05
 32 46.50
 33 47.96
 34 49.41
 35 50.86
 36 52.32
 37 53.77
 38 55.22
 39 56.67
 40 58.13
 41 59.58
 42 61.03
 43 62.49
 44 63.94
 45 65.39
 46 66.85
 47 68.30
 48 69.75
 49 71.21
 50 72.66
 51 74.11
 52 75.57
 53 77.02
 54 78.47
 55 79.93
 56 81.38
 57 82.83
 58 84.29
 59 85.74
 60 87.19
 61 88.65
 62 90.10
 63 91.55
 64 93.00
 65 94.46
 66 95.91
 67 97.36
 68 98.82
 69 100.27
 70 101.72
 71 103.18
 72 104.63
 73 106.08
 74 107.54
 75 108.99
 76 110.44
 77 111.90
 78 113.35
 79 114.80
 80 116.26
 81 117.71
 82 119.16
 83 120.62
 84 122.07
 85 123.52
 86 124.98
 87 126.43
 88 127.88
 89 129.33
 90 130.79
 91 132.24
 92 133.69
 93 135.15
 94 136.60
 95 138.05
 96 139.51
 97 140.96
 98 142.41
 99 143.87
100 145.32
